[1, 2, 3, 4, 5, 6, 7, 8, 9, 10]
[2, 4, 6, 8, 10, 12, 14, 16, 18, 20]
[3, 6, 9, 12, 15, 18, 21, 24, 27, 30]
[4, 8, 12, 16, 20, 24, 28, 32, 36, 40]
[5, 10, 15, 20, 25, 30, 35, 40, 45, 50]
[6, 12, 18, 24, 30, 36, 42, 48, 54, 60]
[7, 14, 21, 28, 35, 42, 49, 56, 63, 70]
[8, 16, 24, 32, 40, 48, 56, 64, 72, 80]
[9, 18, 27, 36, 45, 54, 63, 72, 81, 90]
[10, 20, 30, 40, 50, 60, 70, 80, 90, 100]
[11, 22, 33, 44, 55, 66, 77, 88, 99, 110]
[12, 24, 36, 48, 60, 72, 84, 96, 108, 120]
[13, 26, 39, 52, 65, 78, 91, 104, 117, 130]
[14, 28, 42, 56, 70, 84, 98, 112, 126, 140]
[15, 30, 45, 60, 75, 90, 105, 120, 135, 150]
[16, 32, 48, 64, 80, 96, 112, 128, 144, 160]
[17, 34, 51, 68, 85, 102, 119, 136, 153, 170]
[18, 36, 54, 72, 90, 108, 126, 144, 162, 180]
[19, 38, 57, 76, 95, 114, 133, 152, 171, 190]
[20, 40, 60, 80, 100, 120, 140, 160, 180, 200]
[21, 42, 63, 84, 105, 126, 147, 168, 189, 210]
[22, 44, 66, 88, 110, 132, 154, 176, 198, 220]
[23, 46, 69, 92, 115, 138, 161, 184, 207, 230]
[24, 48, 72, 96, 120, 144, 168, 192, 216, 240]
[25, 50, 75, 100, 125, 150, 175, 200, 225, 250]
[26, 52, 78, 104, 130, 156, 182, 208, 234, 260]
[27, 54, 81, 108, 135, 162, 189, 216, 243, 270]
[28, 56, 84, 112, 140, 168, 196, 224, 252, 280]
[29, 58, 87, 116, 145, 174, 203, 232, 261, 290]
[30, 60, 90, 120, 150, 180, 210, 240, 270, 300]
[31, 62, 93, 124, 155, 186, 217, 248, 279, 310]
[32, 64, 96, 128, 160, 192, 224, 256, 288, 320]
[33, 66, 99, 132, 165, 198, 231, 264, 297, 330]
[34, 68, 102, 136, 170, 204, 238, 272, 306, 340]
[35, 70, 105, 140, 175, 210, 245, 280, 315, 350]
[36, 72, 108, 144, 180, 216, 252, 288, 324, 360]
[37, 74, 111, 148, 185, 222, 259, 296, 333, 370]
[38, 76, 114, 152, 190, 228, 266, 304, 342, 380]
[39, 78, 117, 156, 195, 234, 273, 312, 351, 390]
[40, 80, 120, 160, 200, 240, 280, 320, 360, 400]
[41, 82, 123, 164, 205, 246, 287, 328, 369, 410]
[42, 84, 126, 168, 210, 252, 294, 336, 378, 420]
[43, 86, 129, 172, 215, 258, 301, 344, 387, 430]
[44, 88, 132, 176, 220, 264, 308, 352, 396, 440]
[45, 90, 135, 180, 225, 270, 315, 360, 405, 450]
[46, 92, 138, 184, 230, 276, 322, 368, 414, 460]
[47, 94, 141, 188, 235, 282, 329, 376, 423, 470]
[48, 96, 144, 192, 240, 288, 336, 384, 432, 480]
[49, 98, 147, 196, 245, 294, 343, 392, 441, 490]
[50, 100, 150, 200, 250, 300, 350, 400, 450, 500]
[51, 102, 153, 204, 255, 306, 357, 408, 459, 510]
[52, 104, 156, 208, 260, 312, 364, 416, 468, 520]
[53, 106, 159, 212, 265, 318, 371, 424, 477, 530]
[54, 108, 162, 216, 270, 324, 378, 432, 486, 540]
[55, 110, 165, 220, 275, 330, 385, 440, 495, 550]
[56, 112, 168, 224, 280, 336, 392, 448, 504, 560]
[57, 114, 171, 228, 285, 342, 399, 456, 513, 570]
[58, 116, 174, 232, 290, 348, 406, 464, 522, 580]
[59, 118, 177, 236, 295, 354, 413, 472, 531, 590]
[60, 120, 180, 240, 300, 360, 420, 480, 540, 600]
[61, 122, 183, 244, 305, 366, 427, 488, 549, 610]
[62, 124, 186, 248, 310, 372, 434, 496, 558, 620]
[63, 126, 189, 252, 315, 378, 441, 504, 567, 630]
[64, 128, 192, 256, 320, 384, 448, 512, 576, 640]
[65, 130, 195, 260, 325, 390, 455, 520, 585, 650]
[66, 132, 198, 264, 330, 396, 462, 528, 594, 660]
[67, 134, 201, 268, 335, 402, 469, 536, 603, 670]
[68, 136, 204, 272, 340, 408, 476, 544, 612, 680]
[69, 138, 207, 276, 345, 414, 483, 552, 621, 690]
[70, 140, 210, 280, 350, 420, 490, 560, 630, 700]
[71, 142, 213, 284, 355, 426, 497, 568, 639, 710]
[72, 144, 216, 288, 360, 432, 504, 576, 648, 720]
[73, 146, 219, 292, 365, 438, 511, 584, 657, 730]
[74, 148, 222, 296, 370, 444, 518, 592, 666, 740]
[75, 150, 225, 300, 375, 450, 525, 600, 675, 750]
[76, 152, 228, 304, 380, 456, 532, 608, 684, 760]
[77, 154, 231, 308, 385, 462, 539, 616, 693, 770]
[78, 156, 234, 312, 390, 468, 546, 624, 702, 780]
[79, 158, 237, 316, 395, 474, 553, 632, 711, 790]
[80, 160, 240, 320, 400, 480, 560, 640, 720, 800]
[81, 162, 243, 324, 405, 486, 567, 648, 729, 810]
[82, 164, 246, 328, 410, 492, 574, 656, 738, 820]
[83, 166, 249, 332, 415, 498, 581, 664, 747, 830]
[84, 168, 252, 336, 420, 504, 588, 672, 756, 840]
[85, 170, 255, 340, 425, 510, 595, 680, 765, 850]
[86, 172, 258, 344, 430, 516, 602, 688, 774, 860]
[87, 174, 261, 348, 435, 522, 609, 696, 783, 870]
[88, 176, 264, 352, 440, 528, 616, 704, 792, 880]
[89, 178, 267, 356, 445, 534, 623, 712, 801, 890]
[90, 180, 270, 360, 450, 540, 630, 720, 810, 900]
[91, 182, 273, 364, 455, 546, 637, 728, 819, 910]
[92, 184, 276, 368, 460, 552, 644, 736, 828, 920]
[93, 186, 279, 372, 465, 558, 651, 744, 837, 930]
[94, 188, 282, 376, 470, 564, 658, 752, 846, 940]
[95, 190, 285, 380, 475, 570, 665, 760, 855, 950]
[96, 192, 288, 384, 480, 576, 672, 768, 864, 960]
[97, 194, 291, 388, 485, 582, 679, 776, 873, 970]
[98, 196, 294, 392, 490, 588, 686, 784, 882, 980]
[99, 198, 297, 396, 495, 594, 693, 792, 891, 990]
[100, 200, 300, 400, 500, 600, 700, 800, 900, 1000]
[101, 202, 303, 404, 505, 606, 707, 808, 909, 1010]
[102, 204, 306, 408, 510, 612, 714, 816, 918, 1020]
[103, 206, 309, 412, 515, 618, 721, 824, 927, 1030]
[104, 208, 312, 416, 520, 624, 728, 832, 936, 1040]
[105, 210, 315, 420, 525, 630, 735, 840, 945, 1050]
[106, 212, 318, 424, 530, 636, 742, 848, 954, 1060]
[107, 214, 321, 428, 535, 642, 749, 856, 963, 1070]
[108, 216, 324, 432, 540, 648, 756, 864, 972, 1080]
[109, 218, 327, 436, 545, 654, 763, 872, 981, 1090]
[110, 220, 330, 440, 550, 660, 770, 880, 990, 1100]
[111, 222, 333, 444, 555, 666, 777, 888, 999, 1110]
[112, 224, 336, 448, 560, 672, 784, 896, 1008, 1120]
[113, 226, 339, 452, 565, 678, 791, 904, 1017, 1130]
[114, 228, 342, 456, 570, 684, 798, 912, 1026, 1140]
[115, 230, 345, 460, 575, 690, 805, 920, 1035, 1150]
[116, 232, 348, 464, 580, 696, 812, 928, 1044, 1160]
[117, 234, 351, 468, 585, 702, 819, 936, 1053, 1170]
[118, 236, 354, 472, 590, 708, 826, 944, 1062, 1180]
[119, 238, 357, 476, 595, 714, 833, 952, 1071, 1190]
[120, 240, 360, 480, 600, 720, 840, 960, 1080, 1200]
[121, 242, 363, 484, 605, 726, 847, 968, 1089, 1210]
[122, 244, 366, 488, 610, 732, 854, 976, 1098, 1220]
[123, 246, 369, 492, 615, 738, 861, 984, 1107, 1230]
[124, 248, 372, 496, 620, 744, 868, 992, 1116, 1240]
[125, 250, 375, 500, 625, 750, 875, 1000, 1125, 1250]
[126, 252, 378, 504, 630, 756, 882, 1008, 1134, 1260]
[127, 254, 381, 508, 635, 762, 889, 1016, 1143, 1270]
[128, 256, 384, 512, 640, 768, 896, 1024, 1152, 1280]
[129, 258, 387, 516, 645, 774, 903, 1032, 1161, 1290]
[130, 260, 390, 520, 650, 780, 910, 1040, 1170, 1300]
[131, 262, 393, 524, 655, 786, 917, 1048, 1179, 1310]
[132, 264, 396, 528, 660, 792, 924, 1056, 1188, 1320]
[133, 266, 399, 532, 665, 798, 931, 1064, 1197, 1330]
[134, 268, 402, 536, 670, 804, 938, 1072, 1206, 1340]
[135, 270, 405, 540, 675, 810, 945, 1080, 1215, 1350]
[136, 272, 408, 544, 680, 816, 952, 1088, 1224, 1360]
[137, 274, 411, 548, 685, 822, 959, 1096, 1233, 1370]
[138, 276, 414, 552, 690, 828, 966, 1104, 1242, 1380]
[139, 278, 417, 556, 695, 834, 973, 1112, 1251, 1390]
[140, 280, 420, 560, 700, 840, 980, 1120, 1260, 1400]
[141, 282, 423, 564, 705, 846, 987, 1128, 1269, 1410]
[142, 284, 426, 568, 710, 852, 994, 1136, 1278, 1420]
[143, 286, 429, 572, 715, 858, 1001, 1144, 1287, 1430]
[144, 288, 432, 576, 720, 864, 1008, 1152, 1296, 1440]
[145, 290, 435, 580, 725, 870, 1015, 1160, 1305, 1450]
[146, 292, 438, 584, 730, 876, 1022, 1168, 1314, 1460]
[147, 294, 441, 588, 735, 882, 1029, 1176, 1323, 1470]
[148, 296, 444, 592, 740, 888, 1036, 1184, 1332, 1480]
[149, 298, 447, 596, 745, 894, 1043, 1192, 1341, 1490]
[150, 300, 450, 600, 750, 900, 1050, 1200, 1350, 1500]
[151, 302, 453, 604, 755, 906, 1057, 1208, 1359, 1510]
[152, 304, 456, 608, 760, 912, 1064, 1216, 1368, 1520]
[153, 306, 459, 612, 765, 918, 1071, 1224, 1377, 1530]
[154, 308, 462, 616, 770, 924, 1078, 1232, 1386, 1540]
[155, 310, 465, 620, 775, 930, 1085, 1240, 1395, 1550]
[156, 312, 468, 624, 780, 936, 1092, 1248, 1404, 1560]
[157, 314, 471, 628, 785, 942, 1099, 1256, 1413, 1570]
[158, 316, 474, 632, 790, 948, 1106, 1264, 1422, 1580]
[159, 318, 477, 636, 795, 954, 1113, 1272, 1431, 1590]
[160, 320, 480, 640, 800, 960, 1120, 1280, 1440, 1600]
[161, 322, 483, 644, 805, 966, 1127, 1288, 1449, 1610]
[162, 324, 486, 648, 810, 972, 1134, 1296, 1458, 1620]
[163, 326, 489, 652, 815, 978, 1141, 1304, 1467, 1630]
[164, 328, 492, 656, 820, 984, 1148, 1312, 1476, 1640]
[165, 330, 495, 660, 825, 990, 1155, 1320, 1485, 1650]
[166, 332, 498, 664, 830, 996, 1162, 1328, 1494, 1660]
[167, 334, 501, 668, 835, 1002, 1169, 1336, 1503, 1670]
[168, 336, 504, 672, 840, 1008, 1176, 1344, 1512, 1680]
[169, 338, 507, 676, 845, 1014, 1183, 1352, 1521, 1690]
[170, 340, 510, 680, 850, 1020, 1190, 1360, 1530, 1700]
[171, 342, 513, 684, 855, 1026, 1197, 1368, 1539, 1710]
[172, 344, 516, 688, 860, 1032, 1204, 1376, 1548, 1720]
[173, 346, 519, 692, 865, 1038, 1211, 1384, 1557, 1730]
[174, 348, 522, 696, 870, 1044, 1218, 1392, 1566, 1740]
[175, 350, 525, 700, 875, 1050, 1225, 1400, 1575, 1750]
[176, 352, 528, 704, 880, 1056, 1232, 1408, 1584, 1760]
[177, 354, 531, 708, 885, 1062, 1239, 1416, 1593, 1770]
[178, 356, 534, 712, 890, 1068, 1246, 1424, 1602, 1780]
[179, 358, 537, 716, 895, 1074, 1253, 1432, 1611, 1790]
[180, 360, 540, 720, 900, 1080, 1260, 1440, 1620, 1800]
[181, 362, 543, 724, 905, 1086, 1267, 1448, 1629, 1810]
[182, 364, 546, 728, 910, 1092, 1274, 1456, 1638, 1820]
[183, 366, 549, 732, 915, 1098, 1281, 1464, 1647, 1830]
[184, 368, 552, 736, 920, 1104, 1288, 1472, 1656, 1840]
[185, 370, 555, 740, 925, 1110, 1295, 1480, 1665, 1850]
[186, 372, 558, 744, 930, 1116, 1302, 1488, 1674, 1860]
[187, 374, 561, 748, 935, 1122, 1309, 1496, 1683, 1870]
[188, 376, 564, 752, 940, 1128, 1316, 1504, 1692, 1880]
[189, 378, 567, 756, 945, 1134, 1323, 1512, 1701, 1890]
[190, 380, 570, 760, 950, 1140, 1330, 1520, 1710, 1900]
[191, 382, 573, 764, 955, 1146, 1337, 1528, 1719, 1910]
[192, 384, 576, 768, 960, 1152, 1344, 1536, 1728, 1920]
[193, 386, 579, 772, 965, 1158, 1351, 1544, 1737, 1930]
[194, 388, 582, 776, 970, 1164, 1358, 1552, 1746, 1940]
[195, 390, 585, 780, 975, 1170, 1365, 1560, 1755, 1950]
[196, 392, 588, 784, 980, 1176, 1372, 1568, 1764, 1960]
[197, 394, 591, 788, 985, 1182, 1379, 1576, 1773, 1970]
[198, 396, 594, 792, 990, 1188, 1386, 1584, 1782, 1980]
[199, 398, 597, 796, 995, 1194, 1393, 1592, 1791, 1990]
[200, 400, 600, 800, 1000, 1200, 1400, 1600, 1800, 2000]
[201, 402, 603, 804, 1005, 1206, 1407, 1608, 1809, 2010]
[202, 404, 606, 808, 1010, 1212, 1414, 1616, 1818, 2020]
[203, 406, 609, 812, 1015, 1218, 1421, 1624, 1827, 2030]
[204, 408, 612, 816, 1020, 1224, 1428, 1632, 1836, 2040]
[205, 410, 615, 820, 1025, 1230, 1435, 1640, 1845, 2050]
[206, 412, 618, 824, 1030, 1236, 1442, 1648, 1854, 2060]
[207, 414, 621, 828, 1035, 1242, 1449, 1656, 1863, 2070]
[208, 416, 624, 832, 1040, 1248, 1456, 1664, 1872, 2080]
[209, 418, 627, 836, 1045, 1254, 1463, 1672, 1881, 2090]
[210, 420, 630, 840, 1050, 1260, 1470, 1680, 1890, 2100]
[211, 422, 633, 844, 1055, 1266, 1477, 1688, 1899, 2110]
[212, 424, 636, 848, 1060, 1272, 1484, 1696, 1908, 2120]
[213, 426, 639, 852, 1065, 1278, 1491, 1704, 1917, 2130]
[214, 428, 642, 856, 1070, 1284, 1498, 1712, 1926, 2140]
[215, 430, 645, 860, 1075, 1290, 1505, 1720, 1935, 2150]
[216, 432, 648, 864, 1080, 1296, 1512, 1728, 1944, 2160]
[217, 434, 651, 868, 1085, 1302, 1519, 1736, 1953, 2170]
[218, 436, 654, 872, 1090, 1308, 1526, 1744, 1962, 2180]
[219, 438, 657, 876, 1095, 1314, 1533, 1752, 1971, 2190]
[220, 440, 660, 880, 1100, 1320, 1540, 1760, 1980, 2200]
[221, 442, 663, 884, 1105, 1326, 1547, 1768, 1989, 2210]
[222, 444, 666, 888, 1110, 1332, 1554, 1776, 1998, 2220]
[223, 446, 669, 892, 1115, 1338, 1561, 1784, 2007, 2230]
[224, 448, 672, 896, 1120, 1344, 1568, 1792, 2016, 2240]
[225, 450, 675, 900, 1125, 1350, 1575, 1800, 2025, 2250]
[226, 452, 678, 904, 1130, 1356, 1582, 1808, 2034, 2260]
[227, 454, 681, 908, 1135, 1362, 1589, 1816, 2043, 2270]
[228, 456, 684, 912, 1140, 1368, 1596, 1824, 2052, 2280]
[229, 458, 687, 916, 1145, 1374, 1603, 1832, 2061, 2290]
[230, 460, 690, 920, 1150, 1380, 1610, 1840, 2070, 2300]
[231, 462, 693, 924, 1155, 1386, 1617, 1848, 2079, 2310]
[232, 464, 696, 928, 1160, 1392, 1624, 1856, 2088, 2320]
[233, 466, 699, 932, 1165, 1398, 1631, 1864, 2097, 2330]
[234, 468, 702, 936, 1170, 1404, 1638, 1872, 2106, 2340]
[235, 470, 705, 940, 1175, 1410, 1645, 1880, 2115, 2350]
[236, 472, 708, 944, 1180, 1416, 1652, 1888, 2124, 2360]
[237, 474, 711, 948, 1185, 1422, 1659, 1896, 2133, 2370]
[238, 476, 714, 952, 1190, 1428, 1666, 1904, 2142, 2380]
[239, 478, 717, 956, 1195, 1434, 1673, 1912, 2151, 2390]
[240, 480, 720, 960, 1200, 1440, 1680, 1920, 2160, 2400]
[241, 482, 723, 964, 1205, 1446, 1687, 1928, 2169, 2410]
[242, 484, 726, 968, 1210, 1452, 1694, 1936, 2178, 2420]
[243, 486, 729, 972, 1215, 1458, 1701, 1944, 2187, 2430]
[244, 488, 732, 976, 1220, 1464, 1708, 1952, 2196, 2440]
[245, 490, 735, 980, 1225, 1470, 1715, 1960, 2205, 2450]
[246, 492, 738, 984, 1230, 1476, 1722, 1968, 2214, 2460]
[247, 494, 741, 988, 1235, 1482, 1729, 1976, 2223, 2470]
[248, 496, 744, 992, 1240, 1488, 1736, 1984, 2232, 2480]
[249, 498, 747, 996, 1245, 1494, 1743, 1992, 2241, 2490]
[250, 500, 750, 1000, 1250, 1500, 1750, 2000, 2250, 2500]
[251, 502, 753, 1004, 1255, 1506, 1757, 2008, 2259, 2510]
[252, 504, 756, 1008, 1260, 1512, 1764, 2016, 2268, 2520]
[253, 506, 759, 1012, 1265, 1518, 1771, 2024, 2277, 2530]
[254, 508, 762, 1016, 1270, 1524, 1778, 2032, 2286, 2540]
[255, 510, 765, 1020, 1275, 1530, 1785, 2040, 2295, 2550]
[256, 512, 768, 1024, 1280, 1536, 1792, 2048, 2304, 2560]
[257, 514, 771, 1028, 1285, 1542, 1799, 2056, 2313, 2570]
[258, 516, 774, 1032, 1290, 1548, 1806, 2064, 2322, 2580]
[259, 518, 777, 1036, 1295, 1554, 1813, 2072, 2331, 2590]
[260, 520, 780, 1040, 1300, 1560, 1820, 2080, 2340, 2600]
[261, 522, 783, 1044, 1305, 1566, 1827, 2088, 2349, 2610]
[262, 524, 786, 1048, 1310, 1572, 1834, 2096, 2358, 2620]
[263, 526, 789, 1052, 1315, 1578, 1841, 2104, 2367, 2630]
[264, 528, 792, 1056, 1320, 1584, 1848, 2112, 2376, 2640]
[265, 530, 795, 1060, 1325, 1590, 1855, 2120, 2385, 2650]
[266, 532, 798, 1064, 1330, 1596, 1862, 2128, 2394, 2660]
[267, 534, 801, 1068, 1335, 1602, 1869, 2136, 2403, 2670]
[268, 536, 804, 1072, 1340, 1608, 1876, 2144, 2412, 2680]
[269, 538, 807, 1076, 1345, 1614, 1883, 2152, 2421, 2690]
[270, 540, 810, 1080, 1350, 1620, 1890, 2160, 2430, 2700]
[271, 542, 813, 1084, 1355, 1626, 1897, 2168, 2439, 2710]
[272, 544, 816, 1088, 1360, 1632, 1904, 2176, 2448, 2720]
[273, 546, 819, 1092, 1365, 1638, 1911, 2184, 2457, 2730]
[274, 548, 822, 1096, 1370, 1644, 1918, 2192, 2466, 2740]
[275, 550, 825, 1100, 1375, 1650, 1925, 2200, 2475, 2750]
[276, 552, 828, 1104, 1380, 1656, 1932, 2208, 2484, 2760]
[277, 554, 831, 1108, 1385, 1662, 1939, 2216, 2493, 2770]
[278, 556, 834, 1112, 1390, 1668, 1946, 2224, 2502, 2780]
[279, 558, 837, 1116, 1395, 1674, 1953, 2232, 2511, 2790]
[280, 560, 840, 1120, 1400, 1680, 1960, 2240, 2520, 2800]
[281, 562, 843, 1124, 1405, 1686, 1967, 2248, 2529, 2810]
[282, 564, 846, 1128, 1410, 1692, 1974, 2256, 2538, 2820]
[283, 566, 849, 1132, 1415, 1698, 1981, 2264, 2547, 2830]
[284, 568, 852, 1136, 1420, 1704, 1988, 2272, 2556, 2840]
[285, 570, 855, 1140, 1425, 1710, 1995, 2280, 2565, 2850]
[286, 572, 858, 1144, 1430, 1716, 2002, 2288, 2574, 2860]
[287, 574, 861, 1148, 1435, 1722, 2009, 2296, 2583, 2870]
[288, 576, 864, 1152, 1440, 1728, 2016, 2304, 2592, 2880]
[289, 578, 867, 1156, 1445, 1734, 2023, 2312, 2601, 2890]
[290, 580, 870, 1160, 1450, 1740, 2030, 2320, 2610, 2900]
[291, 582, 873, 1164, 1455, 1746, 2037, 2328, 2619, 2910]
[292, 584, 876, 1168, 1460, 1752, 2044, 2336, 2628, 2920]
[293, 586, 879, 1172, 1465, 1758, 2051, 2344, 2637, 2930]
[294, 588, 882, 1176, 1470, 1764, 2058, 2352, 2646, 2940]
[295, 590, 885, 1180, 1475, 1770, 2065, 2360, 2655, 2950]
[296, 592, 888, 1184, 1480, 1776, 2072, 2368, 2664, 2960]
[297, 594, 891, 1188, 1485, 1782, 2079, 2376, 2673, 2970]
[298, 596, 894, 1192, 1490, 1788, 2086, 2384, 2682, 2980]
[299, 598, 897, 1196, 1495, 1794, 2093, 2392, 2691, 2990]
[300, 600, 900, 1200, 1500, 1800, 2100, 2400, 2700, 3000]
[301, 602, 903, 1204, 1505, 1806, 2107, 2408, 2709, 3010]
[302, 604, 906, 1208, 1510, 1812, 2114, 2416, 2718, 3020]
[303, 606, 909, 1212, 1515, 1818, 2121, 2424, 2727, 3030]
[304, 608, 912, 1216, 1520, 1824, 2128, 2432, 2736, 3040]
[305, 610, 915, 1220, 1525, 1830, 2135, 2440, 2745, 3050]
[306, 612, 918, 1224, 1530, 1836, 2142, 2448, 2754, 3060]
[307, 614, 921, 1228, 1535, 1842, 2149, 2456, 2763, 3070]
[308, 616, 924, 1232, 1540, 1848, 2156, 2464, 2772, 3080]
[309, 618, 927, 1236, 1545, 1854, 2163, 2472, 2781, 3090]
[310, 620, 930, 1240, 1550, 1860, 2170, 2480, 2790, 3100]
[311, 622, 933, 1244, 1555, 1866, 2177, 2488, 2799, 3110]
[312, 624, 936, 1248, 1560, 1872, 2184, 2496, 2808, 3120]
[313, 626, 939, 1252, 1565, 1878, 2191, 2504, 2817, 3130]
[314, 628, 942, 1256, 1570, 1884, 2198, 2512, 2826, 3140]
[315, 630, 945, 1260, 1575, 1890, 2205, 2520, 2835, 3150]
[316, 632, 948, 1264, 1580, 1896, 2212, 2528, 2844, 3160]
[317, 634, 951, 1268, 1585, 1902, 2219, 2536, 2853, 3170]
[318, 636, 954, 1272, 1590, 1908, 2226, 2544, 2862, 3180]
[319, 638, 957, 1276, 1595, 1914, 2233, 2552, 2871, 3190]
[320, 640, 960, 1280, 1600, 1920, 2240, 2560, 2880, 3200]
[321, 642, 963, 1284, 1605, 1926, 2247, 2568, 2889, 3210]
[322, 644, 966, 1288, 1610, 1932, 2254, 2576, 2898, 3220]
[323, 646, 969, 1292, 1615, 1938, 2261, 2584, 2907, 3230]
[324, 648, 972, 1296, 1620, 1944, 2268, 2592, 2916, 3240]
[325, 650, 975, 1300, 1625, 1950, 2275, 2600, 2925, 3250]
[326, 652, 978, 1304, 1630, 1956, 2282, 2608, 2934, 3260]
[327, 654, 981, 1308, 1635, 1962, 2289, 2616, 2943, 3270]
[328, 656, 984, 1312, 1640, 1968, 2296, 2624, 2952, 3280]
[329, 658, 987, 1316, 1645, 1974, 2303, 2632, 2961, 3290]
[330, 660, 990, 1320, 1650, 1980, 2310, 2640, 2970, 3300]
[331, 662, 993, 1324, 1655, 1986, 2317, 2648, 2979, 3310]
[332, 664, 996, 1328, 1660, 1992, 2324, 2656, 2988, 3320]
[333, 666, 999, 1332, 1665, 1998, 2331, 2664, 2997, 3330]
[334, 668, 1002, 1336, 1670, 2004, 2338, 2672, 3006, 3340]
[335, 670, 1005, 1340, 1675, 2010, 2345, 2680, 3015, 3350]
[336, 672, 1008, 1344, 1680, 2016, 2352, 2688, 3024, 3360]
[337, 674, 1011, 1348, 1685, 2022, 2359, 2696, 3033, 3370]
[338, 676, 1014, 1352, 1690, 2028, 2366, 2704, 3042, 3380]
[339, 678, 1017, 1356, 1695, 2034, 2373, 2712, 3051, 3390]
[340, 680, 1020, 1360, 1700, 2040, 2380, 2720, 3060, 3400]
[341, 682, 1023, 1364, 1705, 2046, 2387, 2728, 3069, 3410]
[342, 684, 1026, 1368, 1710, 2052, 2394, 2736, 3078, 3420]
[343, 686, 1029, 1372, 1715, 2058, 2401, 2744, 3087, 3430]
[344, 688, 1032, 1376, 1720, 2064, 2408, 2752, 3096, 3440]
[345, 690, 1035, 1380, 1725, 2070, 2415, 2760, 3105, 3450]
[346, 692, 1038, 1384, 1730, 2076, 2422, 2768, 3114, 3460]
[347, 694, 1041, 1388, 1735, 2082, 2429, 2776, 3123, 3470]
[348, 696, 1044, 1392, 1740, 2088, 2436, 2784, 3132, 3480]
[349, 698, 1047, 1396, 1745, 2094, 2443, 2792, 3141, 3490]
[350, 700, 1050, 1400, 1750, 2100, 2450, 2800, 3150, 3500]
[351, 702, 1053, 1404, 1755, 2106, 2457, 2808, 3159, 3510]
[352, 704, 1056, 1408, 1760, 2112, 2464, 2816, 3168, 3520]
[353, 706, 1059, 1412, 1765, 2118, 2471, 2824, 3177, 3530]
[354, 708, 1062, 1416, 1770, 2124, 2478, 2832, 3186, 3540]
[355, 710, 1065, 1420, 1775, 2130, 2485, 2840, 3195, 3550]
[356, 712, 1068, 1424, 1780, 2136, 2492, 2848, 3204, 3560]
[357, 714, 1071, 1428, 1785, 2142, 2499, 2856, 3213, 3570]
[358, 716, 1074, 1432, 1790, 2148, 2506, 2864, 3222, 3580]
[359, 718, 1077, 1436, 1795, 2154, 2513, 2872, 3231, 3590]
[360, 720, 1080, 1440, 1800, 2160, 2520, 2880, 3240, 3600]
[361, 722, 1083, 1444, 1805, 2166, 2527, 2888, 3249, 3610]
[362, 724, 1086, 1448, 1810, 2172, 2534, 2896, 3258, 3620]
[363, 726, 1089, 1452, 1815, 2178, 2541, 2904, 3267, 3630]
[364, 728, 1092, 1456, 1820, 2184, 2548, 2912, 3276, 3640]
[365, 730, 1095, 1460, 1825, 2190, 2555, 2920, 3285, 3650]
[366, 732, 1098, 1464, 1830, 2196, 2562, 2928, 3294, 3660]
[367, 734, 1101, 1468, 1835, 2202, 2569, 2936, 3303, 3670]
[368, 736, 1104, 1472, 1840, 2208, 2576, 2944, 3312, 3680]
[369, 738, 1107, 1476, 1845, 2214, 2583, 2952, 3321, 3690]
[370, 740, 1110, 1480, 1850, 2220, 2590, 2960, 3330, 3700]
[371, 742, 1113, 1484, 1855, 2226, 2597, 2968, 3339, 3710]
[372, 744, 1116, 1488, 1860, 2232, 2604, 2976, 3348, 3720]
[373, 746, 1119, 1492, 1865, 2238, 2611, 2984, 3357, 3730]
[374, 748, 1122, 1496, 1870, 2244, 2618, 2992, 3366, 3740]
[375, 750, 1125, 1500, 1875, 2250, 2625, 3000, 3375, 3750]
[376, 752, 1128, 1504, 1880, 2256, 2632, 3008, 3384, 3760]
[377, 754, 1131, 1508, 1885, 2262, 2639, 3016, 3393, 3770]
[378, 756, 1134, 1512, 1890, 2268, 2646, 3024, 3402, 3780]
[379, 758, 1137, 1516, 1895, 2274, 2653, 3032, 3411, 3790]
[380, 760, 1140, 1520, 1900, 2280, 2660, 3040, 3420, 3800]
[381, 762, 1143, 1524, 1905, 2286, 2667, 3048, 3429, 3810]
[382, 764, 1146, 1528, 1910, 2292, 2674, 3056, 3438, 3820]
[383, 766, 1149, 1532, 1915, 2298, 2681, 3064, 3447, 3830]
[384, 768, 1152, 1536, 1920, 2304, 2688, 3072, 3456, 3840]
[385, 770, 1155, 1540, 1925, 2310, 2695, 3080, 3465, 3850]
[386, 772, 1158, 1544, 1930, 2316, 2702, 3088, 3474, 3860]
[387, 774, 1161, 1548, 1935, 2322, 2709, 3096, 3483, 3870]
[388, 776, 1164, 1552, 1940, 2328, 2716, 3104, 3492, 3880]
[389, 778, 1167, 1556, 1945, 2334, 2723, 3112, 3501, 3890]
[390, 780, 1170, 1560, 1950, 2340, 2730, 3120, 3510, 3900]
[391, 782, 1173, 1564, 1955, 2346, 2737, 3128, 3519, 3910]
[392, 784, 1176, 1568, 1960, 2352, 2744, 3136, 3528, 3920]
[393, 786, 1179, 1572, 1965, 2358, 2751, 3144, 3537, 3930]
[394, 788, 1182, 1576, 1970, 2364, 2758, 3152, 3546, 3940]
[395, 790, 1185, 1580, 1975, 2370, 2765, 3160, 3555, 3950]
[396, 792, 1188, 1584, 1980, 2376, 2772, 3168, 3564, 3960]
[397, 794, 1191, 1588, 1985, 2382, 2779, 3176, 3573, 3970]
[398, 796, 1194, 1592, 1990, 2388, 2786, 3184, 3582, 3980]
[399, 798, 1197, 1596, 1995, 2394, 2793, 3192, 3591, 3990]
[400, 800, 1200, 1600, 2000, 2400, 2800, 3200, 3600, 4000]
[401, 802, 1203, 1604, 2005, 2406, 2807, 3208, 3609, 4010]
[402, 804, 1206, 1608, 2010, 2412, 2814, 3216, 3618, 4020]
[403, 806, 1209, 1612, 2015, 2418, 2821, 3224, 3627, 4030]
[404, 808, 1212, 1616, 2020, 2424, 2828, 3232, 3636, 4040]
[405, 810, 1215, 1620, 2025, 2430, 2835, 3240, 3645, 4050]
[406, 812, 1218, 1624, 2030, 2436, 2842, 3248, 3654, 4060]
[407, 814, 1221, 1628, 2035, 2442, 2849, 3256, 3663, 4070]
[408, 816, 1224, 1632, 2040, 2448, 2856, 3264, 3672, 4080]
[409, 818, 1227, 1636, 2045, 2454, 2863, 3272, 3681, 4090]
[410, 820, 1230, 1640, 2050, 2460, 2870, 3280, 3690, 4100]
[411, 822, 1233, 1644, 2055, 2466, 2877, 3288, 3699, 4110]
[412, 824, 1236, 1648, 2060, 2472, 2884, 3296, 3708, 4120]
[413, 826, 1239, 1652, 2065, 2478, 2891, 3304, 3717, 4130]
[414, 828, 1242, 1656, 2070, 2484, 2898, 3312, 3726, 4140]
[415, 830, 1245, 1660, 2075, 2490, 2905, 3320, 3735, 4150]
[416, 832, 1248, 1664, 2080, 2496, 2912, 3328, 3744, 4160]
[417, 834, 1251, 1668, 2085, 2502, 2919, 3336, 3753, 4170]
[418, 836, 1254, 1672, 2090, 2508, 2926, 3344, 3762, 4180]
[419, 838, 1257, 1676, 2095, 2514, 2933, 3352, 3771, 4190]
[420, 840, 1260, 1680, 2100, 2520, 2940, 3360, 3780, 4200]
[421, 842, 1263, 1684, 2105, 2526, 2947, 3368, 3789, 4210]
[422, 844, 1266, 1688, 2110, 2532, 2954, 3376, 3798, 4220]
[423, 846, 1269, 1692, 2115, 2538, 2961, 3384, 3807, 4230]
[424, 848, 1272, 1696, 2120, 2544, 2968, 3392, 3816, 4240]
[425, 850, 1275, 1700, 2125, 2550, 2975, 3400, 3825, 4250]
[426, 852, 1278, 1704, 2130, 2556, 2982, 3408, 3834, 4260]
[427, 854, 1281, 1708, 2135, 2562, 2989, 3416, 3843, 4270]
[428, 856, 1284, 1712, 2140, 2568, 2996, 3424, 3852, 4280]
[429, 858, 1287, 1716, 2145, 2574, 3003, 3432, 3861, 4290]
[430, 860, 1290, 1720, 2150, 2580, 3010, 3440, 3870, 4300]
[431, 862, 1293, 1724, 2155, 2586, 3017, 3448, 3879, 4310]
[432, 864, 1296, 1728, 2160, 2592, 3024, 3456, 3888, 4320]
[433, 866, 1299, 1732, 2165, 2598, 3031, 3464, 3897, 4330]
[434, 868, 1302, 1736, 2170, 2604, 3038, 3472, 3906, 4340]
[435, 870, 1305, 1740, 2175, 2610, 3045, 3480, 3915, 4350]
[436, 872, 1308, 1744, 2180, 2616, 3052, 3488, 3924, 4360]
[437, 874, 1311, 1748, 2185, 2622, 3059, 3496, 3933, 4370]
[438, 876, 1314, 1752, 2190, 2628, 3066, 3504, 3942, 4380]
[439, 878, 1317, 1756, 2195, 2634, 3073, 3512, 3951, 4390]
[440, 880, 1320, 1760, 2200, 2640, 3080, 3520, 3960, 4400]
[441, 882, 1323, 1764, 2205, 2646, 3087, 3528, 3969, 4410]
[442, 884, 1326, 1768, 2210, 2652, 3094, 3536, 3978, 4420]
[443, 886, 1329, 1772, 2215, 2658, 3101, 3544, 3987, 4430]
[444, 888, 1332, 1776, 2220, 2664, 3108, 3552, 3996, 4440]
[445, 890, 1335, 1780, 2225, 2670, 3115, 3560, 4005, 4450]
[446, 892, 1338, 1784, 2230, 2676, 3122, 3568, 4014, 4460]
[447, 894, 1341, 1788, 2235, 2682, 3129, 3576, 4023, 4470]
[448, 896, 1344, 1792, 2240, 2688, 3136, 3584, 4032, 4480]
[449, 898, 1347, 1796, 2245, 2694, 3143, 3592, 4041, 4490]
[450, 900, 1350, 1800, 2250, 2700, 3150, 3600, 4050, 4500]
[451, 902, 1353, 1804, 2255, 2706, 3157, 3608, 4059, 4510]
[452, 904, 1356, 1808, 2260, 2712, 3164, 3616, 4068, 4520]
[453, 906, 1359, 1812, 2265, 2718, 3171, 3624, 4077, 4530]
[454, 908, 1362, 1816, 2270, 2724, 3178, 3632, 4086, 4540]
[455, 910, 1365, 1820, 2275, 2730, 3185, 3640, 4095, 4550]
[456, 912, 1368, 1824, 2280, 2736, 3192, 3648, 4104, 4560]
[457, 914, 1371, 1828, 2285, 2742, 3199, 3656, 4113, 4570]
[458, 916, 1374, 1832, 2290, 2748, 3206, 3664, 4122, 4580]
[459, 918, 1377, 1836, 2295, 2754, 3213, 3672, 4131, 4590]
[460, 920, 1380, 1840, 2300, 2760, 3220, 3680, 4140, 4600]
[461, 922, 1383, 1844, 2305, 2766, 3227, 3688, 4149, 4610]
[462, 924, 1386, 1848, 2310, 2772, 3234, 3696, 4158, 4620]
[463, 926, 1389, 1852, 2315, 2778, 3241, 3704, 4167, 4630]
[464, 928, 1392, 1856, 2320, 2784, 3248, 3712, 4176, 4640]
[465, 930, 1395, 1860, 2325, 2790, 3255, 3720, 4185, 4650]
[466, 932, 1398, 1864, 2330, 2796, 3262, 3728, 4194, 4660]
[467, 934, 1401, 1868, 2335, 2802, 3269, 3736, 4203, 4670]
[468, 936, 1404, 1872, 2340, 2808, 3276, 3744, 4212, 4680]
[469, 938, 1407, 1876, 2345, 2814, 3283, 3752, 4221, 4690]
[470, 940, 1410, 1880, 2350, 2820, 3290, 3760, 4230, 4700]
[471, 942, 1413, 1884, 2355, 2826, 3297, 3768, 4239, 4710]
[472, 944, 1416, 1888, 2360, 2832, 3304, 3776, 4248, 4720]
[473, 946, 1419, 1892, 2365, 2838, 3311, 3784, 4257, 4730]
[474, 948, 1422, 1896, 2370, 2844, 3318, 3792, 4266, 4740]
[475, 950, 1425, 1900, 2375, 2850, 3325, 3800, 4275, 4750]
[476, 952, 1428, 1904, 2380, 2856, 3332, 3808, 4284, 4760]
[477, 954, 1431, 1908, 2385, 2862, 3339, 3816, 4293, 4770]
[478, 956, 1434, 1912, 2390, 2868, 3346, 3824, 4302, 4780]
[479, 958, 1437, 1916, 2395, 2874, 3353, 3832, 4311, 4790]
[480, 960, 1440, 1920, 2400, 2880, 3360, 3840, 4320, 4800]
[481, 962, 1443, 1924, 2405, 2886, 3367, 3848, 4329, 4810]
[482, 964, 1446, 1928, 2410, 2892, 3374, 3856, 4338, 4820]
[483, 966, 1449, 1932, 2415, 2898, 3381, 3864, 4347, 4830]
[484, 968, 1452, 1936, 2420, 2904, 3388, 3872, 4356, 4840]
[485, 970, 1455, 1940, 2425, 2910, 3395, 3880, 4365, 4850]
[486, 972, 1458, 1944, 2430, 2916, 3402, 3888, 4374, 4860]
[487, 974, 1461, 1948, 2435, 2922, 3409, 3896, 4383, 4870]
[488, 976, 1464, 1952, 2440, 2928, 3416, 3904, 4392, 4880]
[489, 978, 1467, 1956, 2445, 2934, 3423, 3912, 4401, 4890]
[490, 980, 1470, 1960, 2450, 2940, 3430, 3920, 4410, 4900]
[491, 982, 1473, 1964, 2455, 2946, 3437, 3928, 4419, 4910]
[492, 984, 1476, 1968, 2460, 2952, 3444, 3936, 4428, 4920]
[493, 986, 1479, 1972, 2465, 2958, 3451, 3944, 4437, 4930]
[494, 988, 1482, 1976, 2470, 2964, 3458, 3952, 4446, 4940]
[495, 990, 1485, 1980, 2475, 2970, 3465, 3960, 4455, 4950]
[496, 992, 1488, 1984, 2480, 2976, 3472, 3968, 4464, 4960]
[497, 994, 1491, 1988, 2485, 2982, 3479, 3976, 4473, 4970]
[498, 996, 1494, 1992, 2490, 2988, 3486, 3984, 4482, 4980]
[499, 998, 1497, 1996, 2495, 2994, 3493, 3992, 4491, 4990]
[500, 1000, 1500, 2000, 2500, 3000, 3500, 4000, 4500, 5000]
[501, 1002, 1503, 2004, 2505, 3006, 3507, 4008, 4509, 5010]
[502, 1004, 1506, 2008, 2510, 3012, 3514, 4016, 4518, 5020]
[503, 1006, 1509, 2012, 2515, 3018, 3521, 4024, 4527, 5030]
[504, 1008, 1512, 2016, 2520, 3024, 3528, 4032, 4536, 5040]
[505, 1010, 1515, 2020, 2525, 3030, 3535, 4040, 4545, 5050]
[506, 1012, 1518, 2024, 2530, 3036, 3542, 4048, 4554, 5060]
[507, 1014, 1521, 2028, 2535, 3042, 3549, 4056, 4563, 5070]
[508, 1016, 1524, 2032, 2540, 3048, 3556, 4064, 4572, 5080]
[509, 1018, 1527, 2036, 2545, 3054, 3563, 4072, 4581, 5090]
[510, 1020, 1530, 2040, 2550, 3060, 3570, 4080, 4590, 5100]
[511, 1022, 1533, 2044, 2555, 3066, 3577, 4088, 4599, 5110]
[512, 1024, 1536, 2048, 2560, 3072, 3584, 4096, 4608, 5120]
[513, 1026, 1539, 2052, 2565, 3078, 3591, 4104, 4617, 5130]
[514, 1028, 1542, 2056, 2570, 3084, 3598, 4112, 4626, 5140]
[515, 1030, 1545, 2060, 2575, 3090, 3605, 4120, 4635, 5150]
[516, 1032, 1548, 2064, 2580, 3096, 3612, 4128, 4644, 5160]
[517, 1034, 1551, 2068, 2585, 3102, 3619, 4136, 4653, 5170]
[518, 1036, 1554, 2072, 2590, 3108, 3626, 4144, 4662, 5180]
[519, 1038, 1557, 2076, 2595, 3114, 3633, 4152, 4671, 5190]
[520, 1040, 1560, 2080, 2600, 3120, 3640, 4160, 4680, 5200]
[521, 1042, 1563, 2084, 2605, 3126, 3647, 4168, 4689, 5210]
[522, 1044, 1566, 2088, 2610, 3132, 3654, 4176, 4698, 5220]
[523, 1046, 1569, 2092, 2615, 3138, 3661, 4184, 4707, 5230]
[524, 1048, 1572, 2096, 2620, 3144, 3668, 4192, 4716, 5240]
[525, 1050, 1575, 2100, 2625, 3150, 3675, 4200, 4725, 5250]
[526, 1052, 1578, 2104, 2630, 3156, 3682, 4208, 4734, 5260]
[527, 1054, 1581, 2108, 2635, 3162, 3689, 4216, 4743, 5270]
[528, 1056, 1584, 2112, 2640, 3168, 3696, 4224, 4752, 5280]
[529, 1058, 1587, 2116, 2645, 3174, 3703, 4232, 4761, 5290]
[530, 1060, 1590, 2120, 2650, 3180, 3710, 4240, 4770, 5300]
[531, 1062, 1593, 2124, 2655, 3186, 3717, 4248, 4779, 5310]
[532, 1064, 1596, 2128, 2660, 3192, 3724, 4256, 4788, 5320]
[533, 1066, 1599, 2132, 2665, 3198, 3731, 4264, 4797, 5330]
[534, 1068, 1602, 2136, 2670, 3204, 3738, 4272, 4806, 5340]
[535, 1070, 1605, 2140, 2675, 3210, 3745, 4280, 4815, 5350]
[536, 1072, 1608, 2144, 2680, 3216, 3752, 4288, 4824, 5360]
[537, 1074, 1611, 2148, 2685, 3222, 3759, 4296, 4833, 5370]
[538, 1076, 1614, 2152, 2690, 3228, 3766, 4304, 4842, 5380]
[539, 1078, 1617, 2156, 2695, 3234, 3773, 4312, 4851, 5390]
[540, 1080, 1620, 2160, 2700, 3240, 3780, 4320, 4860, 5400]
[541, 1082, 1623, 2164, 2705, 3246, 3787, 4328, 4869, 5410]
[542, 1084, 1626, 2168, 2710, 3252, 3794, 4336, 4878, 5420]
[543, 1086, 1629, 2172, 2715, 3258, 3801, 4344, 4887, 5430]
[544, 1088, 1632, 2176, 2720, 3264, 3808, 4352, 4896, 5440]
[545, 1090, 1635, 2180, 2725, 3270, 3815, 4360, 4905, 5450]
[546, 1092, 1638, 2184, 2730, 3276, 3822, 4368, 4914, 5460]
[547, 1094, 1641, 2188, 2735, 3282, 3829, 4376, 4923, 5470]
[548, 1096, 1644, 2192, 2740, 3288, 3836, 4384, 4932, 5480]
[549, 1098, 1647, 2196, 2745, 3294, 3843, 4392, 4941, 5490]
[550, 1100, 1650, 2200, 2750, 3300, 3850, 4400, 4950, 5500]
[551, 1102, 1653, 2204, 2755, 3306, 3857, 4408, 4959, 5510]
[552, 1104, 1656, 2208, 2760, 3312, 3864, 4416, 4968, 5520]
[553, 1106, 1659, 2212, 2765, 3318, 3871, 4424, 4977, 5530]
[554, 1108, 1662, 2216, 2770, 3324, 3878, 4432, 4986, 5540]
[555, 1110, 1665, 2220, 2775, 3330, 3885, 4440, 4995, 5550]
[556, 1112, 1668, 2224, 2780, 3336, 3892, 4448, 5004, 5560]
[557, 1114, 1671, 2228, 2785, 3342, 3899, 4456, 5013, 5570]
[558, 1116, 1674, 2232, 2790, 3348, 3906, 4464, 5022, 5580]
[559, 1118, 1677, 2236, 2795, 3354, 3913, 4472, 5031, 5590]
[560, 1120, 1680, 2240, 2800, 3360, 3920, 4480, 5040, 5600]
[561, 1122, 1683, 2244, 2805, 3366, 3927, 4488, 5049, 5610]
[562, 1124, 1686, 2248, 2810, 3372, 3934, 4496, 5058, 5620]
[563, 1126, 1689, 2252, 2815, 3378, 3941, 4504, 5067, 5630]
[564, 1128, 1692, 2256, 2820, 3384, 3948, 4512, 5076, 5640]
[565, 1130, 1695, 2260, 2825, 3390, 3955, 4520, 5085, 5650]
[566, 1132, 1698, 2264, 2830, 3396, 3962, 4528, 5094, 5660]
[567, 1134, 1701, 2268, 2835, 3402, 3969, 4536, 5103, 5670]
[568, 1136, 1704, 2272, 2840, 3408, 3976, 4544, 5112, 5680]
[569, 1138, 1707, 2276, 2845, 3414, 3983, 4552, 5121, 5690]
[570, 1140, 1710, 2280, 2850, 3420, 3990, 4560, 5130, 5700]
[571, 1142, 1713, 2284, 2855, 3426, 3997, 4568, 5139, 5710]
[572, 1144, 1716, 2288, 2860, 3432, 4004, 4576, 5148, 5720]
[573, 1146, 1719, 2292, 2865, 3438, 4011, 4584, 5157, 5730]
[574, 1148, 1722, 2296, 2870, 3444, 4018, 4592, 5166, 5740]
[575, 1150, 1725, 2300, 2875, 3450, 4025, 4600, 5175, 5750]
[576, 1152, 1728, 2304, 2880, 3456, 4032, 4608, 5184, 5760]
[577, 1154, 1731, 2308, 2885, 3462, 4039, 4616, 5193, 5770]
[578, 1156, 1734, 2312, 2890, 3468, 4046, 4624, 5202, 5780]
[579, 1158, 1737, 2316, 2895, 3474, 4053, 4632, 5211, 5790]
[580, 1160, 1740, 2320, 2900, 3480, 4060, 4640, 5220, 5800]
[581, 1162, 1743, 2324, 2905, 3486, 4067, 4648, 5229, 5810]
[582, 1164, 1746, 2328, 2910, 3492, 4074, 4656, 5238, 5820]
[583, 1166, 1749, 2332, 2915, 3498, 4081, 4664, 5247, 5830]
[584, 1168, 1752, 2336, 2920, 3504, 4088, 4672, 5256, 5840]
[585, 1170, 1755, 2340, 2925, 3510, 4095, 4680, 5265, 5850]
[586, 1172, 1758, 2344, 2930, 3516, 4102, 4688, 5274, 5860]
[587, 1174, 1761, 2348, 2935, 3522, 4109, 4696, 5283, 5870]
[588, 1176, 1764, 2352, 2940, 3528, 4116, 4704, 5292, 5880]
[589, 1178, 1767, 2356, 2945, 3534, 4123, 4712, 5301, 5890]
[590, 1180, 1770, 2360, 2950, 3540, 4130, 4720, 5310, 5900]
[591, 1182, 1773, 2364, 2955, 3546, 4137, 4728, 5319, 5910]
[592, 1184, 1776, 2368, 2960, 3552, 4144, 4736, 5328, 5920]
[593, 1186, 1779, 2372, 2965, 3558, 4151, 4744, 5337, 5930]
[594, 1188, 1782, 2376, 2970, 3564, 4158, 4752, 5346, 5940]
[595, 1190, 1785, 2380, 2975, 3570, 4165, 4760, 5355, 5950]
[596, 1192, 1788, 2384, 2980, 3576, 4172, 4768, 5364, 5960]
[597, 1194, 1791, 2388, 2985, 3582, 4179, 4776, 5373, 5970]
[598, 1196, 1794, 2392, 2990, 3588, 4186, 4784, 5382, 5980]
[599, 1198, 1797, 2396, 2995, 3594, 4193, 4792, 5391, 5990]
[600, 1200, 1800, 2400, 3000, 3600, 4200, 4800, 5400, 6000]
[601, 1202, 1803, 2404, 3005, 3606, 4207, 4808, 5409, 6010]
[602, 1204, 1806, 2408, 3010, 3612, 4214, 4816, 5418, 6020]
[603, 1206, 1809, 2412, 3015, 3618, 4221, 4824, 5427, 6030]
[604, 1208, 1812, 2416, 3020, 3624, 4228, 4832, 5436, 6040]
[605, 1210, 1815, 2420, 3025, 3630, 4235, 4840, 5445, 6050]
[606, 1212, 1818, 2424, 3030, 3636, 4242, 4848, 5454, 6060]
[607, 1214, 1821, 2428, 3035, 3642, 4249, 4856, 5463, 6070]
[608, 1216, 1824, 2432, 3040, 3648, 4256, 4864, 5472, 6080]
[609, 1218, 1827, 2436, 3045, 3654, 4263, 4872, 5481, 6090]
[610, 1220, 1830, 2440, 3050, 3660, 4270, 4880, 5490, 6100]
[611, 1222, 1833, 2444, 3055, 3666, 4277, 4888, 5499, 6110]
[612, 1224, 1836, 2448, 3060, 3672, 4284, 4896, 5508, 6120]
[613, 1226, 1839, 2452, 3065, 3678, 4291, 4904, 5517, 6130]
[614, 1228, 1842, 2456, 3070, 3684, 4298, 4912, 5526, 6140]
[615, 1230, 1845, 2460, 3075, 3690, 4305, 4920, 5535, 6150]
[616, 1232, 1848, 2464, 3080, 3696, 4312, 4928, 5544, 6160]
[617, 1234, 1851, 2468, 3085, 3702, 4319, 4936, 5553, 6170]
[618, 1236, 1854, 2472, 3090, 3708, 4326, 4944, 5562, 6180]
[619, 1238, 1857, 2476, 3095, 3714, 4333, 4952, 5571, 6190]
[620, 1240, 1860, 2480, 3100, 3720, 4340, 4960, 5580, 6200]
[621, 1242, 1863, 2484, 3105, 3726, 4347, 4968, 5589, 6210]
[622, 1244, 1866, 2488, 3110, 3732, 4354, 4976, 5598, 6220]
[623, 1246, 1869, 2492, 3115, 3738, 4361, 4984, 5607, 6230]
[624, 1248, 1872, 2496, 3120, 3744, 4368, 4992, 5616, 6240]
[625, 1250, 1875, 2500, 3125, 3750, 4375, 5000, 5625, 6250]
[626, 1252, 1878, 2504, 3130, 3756, 4382, 5008, 5634, 6260]
[627, 1254, 1881, 2508, 3135, 3762, 4389, 5016, 5643, 6270]
[628, 1256, 1884, 2512, 3140, 3768, 4396, 5024, 5652, 6280]
[629, 1258, 1887, 2516, 3145, 3774, 4403, 5032, 5661, 6290]
[630, 1260, 1890, 2520, 3150, 3780, 4410, 5040, 5670, 6300]
[631, 1262, 1893, 2524, 3155, 3786, 4417, 5048, 5679, 6310]
[632, 1264, 1896, 2528, 3160, 3792, 4424, 5056, 5688, 6320]
[633, 1266, 1899, 2532, 3165, 3798, 4431, 5064, 5697, 6330]
[634, 1268, 1902, 2536, 3170, 3804, 4438, 5072, 5706, 6340]
[635, 1270, 1905, 2540, 3175, 3810, 4445, 5080, 5715, 6350]
[636, 1272, 1908, 2544, 3180, 3816, 4452, 5088, 5724, 6360]
[637, 1274, 1911, 2548, 3185, 3822, 4459, 5096, 5733, 6370]
[638, 1276, 1914, 2552, 3190, 3828, 4466, 5104, 5742, 6380]
[639, 1278, 1917, 2556, 3195, 3834, 4473, 5112, 5751, 6390]
[640, 1280, 1920, 2560, 3200, 3840, 4480, 5120, 5760, 6400]
[641, 1282, 1923, 2564, 3205, 3846, 4487, 5128, 5769, 6410]
[642, 1284, 1926, 2568, 3210, 3852, 4494, 5136, 5778, 6420]
[643, 1286, 1929, 2572, 3215, 3858, 4501, 5144, 5787, 6430]
[644, 1288, 1932, 2576, 3220, 3864, 4508, 5152, 5796, 6440]
[645, 1290, 1935, 2580, 3225, 3870, 4515, 5160, 5805, 6450]
[646, 1292, 1938, 2584, 3230, 3876, 4522, 5168, 5814, 6460]
[647, 1294, 1941, 2588, 3235, 3882, 4529, 5176, 5823, 6470]
[648, 1296, 1944, 2592, 3240, 3888, 4536, 5184, 5832, 6480]
[649, 1298, 1947, 2596, 3245, 3894, 4543, 5192, 5841, 6490]
[650, 1300, 1950, 2600, 3250, 3900, 4550, 5200, 5850, 6500]
[651, 1302, 1953, 2604, 3255, 3906, 4557, 5208, 5859, 6510]
[652, 1304, 1956, 2608, 3260, 3912, 4564, 5216, 5868, 6520]
[653, 1306, 1959, 2612, 3265, 3918, 4571, 5224, 5877, 6530]
[654, 1308, 1962, 2616, 3270, 3924, 4578, 5232, 5886, 6540]
[655, 1310, 1965, 2620, 3275, 3930, 4585, 5240, 5895, 6550]
[656, 1312, 1968, 2624, 3280, 3936, 4592, 5248, 5904, 6560]
[657, 1314, 1971, 2628, 3285, 3942, 4599, 5256, 5913, 6570]
[658, 1316, 1974, 2632, 3290, 3948, 4606, 5264, 5922, 6580]
[659, 1318, 1977, 2636, 3295, 3954, 4613, 5272, 5931, 6590]
[660, 1320, 1980, 2640, 3300, 3960, 4620, 5280, 5940, 6600]
[661, 1322, 1983, 2644, 3305, 3966, 4627, 5288, 5949, 6610]
[662, 1324, 1986, 2648, 3310, 3972, 4634, 5296, 5958, 6620]
[663, 1326, 1989, 2652, 3315, 3978, 4641, 5304, 5967, 6630]
[664, 1328, 1992, 2656, 3320, 3984, 4648, 5312, 5976, 6640]
[665, 1330, 1995, 2660, 3325, 3990, 4655, 5320, 5985, 6650]
[666, 1332, 1998, 2664, 3330, 3996, 4662, 5328, 5994, 6660]
[667, 1334, 2001, 2668, 3335, 4002, 4669, 5336, 6003, 6670]
[668, 1336, 2004, 2672, 3340, 4008, 4676, 5344, 6012, 6680]
[669, 1338, 2007, 2676, 3345, 4014, 4683, 5352, 6021, 6690]
[670, 1340, 2010, 2680, 3350, 4020, 4690, 5360, 6030, 6700]
[671, 1342, 2013, 2684, 3355, 4026, 4697, 5368, 6039, 6710]
[672, 1344, 2016, 2688, 3360, 4032, 4704, 5376, 6048, 6720]
[673, 1346, 2019, 2692, 3365, 4038, 4711, 5384, 6057, 6730]
[674, 1348, 2022, 2696, 3370, 4044, 4718, 5392, 6066, 6740]
[675, 1350, 2025, 2700, 3375, 4050, 4725, 5400, 6075, 6750]
[676, 1352, 2028, 2704, 3380, 4056, 4732, 5408, 6084, 6760]
[677, 1354, 2031, 2708, 3385, 4062, 4739, 5416, 6093, 6770]
[678, 1356, 2034, 2712, 3390, 4068, 4746, 5424, 6102, 6780]
[679, 1358, 2037, 2716, 3395, 4074, 4753, 5432, 6111, 6790]
[680, 1360, 2040, 2720, 3400, 4080, 4760, 5440, 6120, 6800]
[681, 1362, 2043, 2724, 3405, 4086, 4767, 5448, 6129, 6810]
[682, 1364, 2046, 2728, 3410, 4092, 4774, 5456, 6138, 6820]
[683, 1366, 2049, 2732, 3415, 4098, 4781, 5464, 6147, 6830]
[684, 1368, 2052, 2736, 3420, 4104, 4788, 5472, 6156, 6840]
[685, 1370, 2055, 2740, 3425, 4110, 4795, 5480, 6165, 6850]
[686, 1372, 2058, 2744, 3430, 4116, 4802, 5488, 6174, 6860]
[687, 1374, 2061, 2748, 3435, 4122, 4809, 5496, 6183, 6870]
[688, 1376, 2064, 2752, 3440, 4128, 4816, 5504, 6192, 6880]
[689, 1378, 2067, 2756, 3445, 4134, 4823, 5512, 6201, 6890]
[690, 1380, 2070, 2760, 3450, 4140, 4830, 5520, 6210, 6900]
[691, 1382, 2073, 2764, 3455, 4146, 4837, 5528, 6219, 6910]
[692, 1384, 2076, 2768, 3460, 4152, 4844, 5536, 6228, 6920]
[693, 1386, 2079, 2772, 3465, 4158, 4851, 5544, 6237, 6930]
[694, 1388, 2082, 2776, 3470, 4164, 4858, 5552, 6246, 6940]
[695, 1390, 2085, 2780, 3475, 4170, 4865, 5560, 6255, 6950]
[696, 1392, 2088, 2784, 3480, 4176, 4872, 5568, 6264, 6960]
[697, 1394, 2091, 2788, 3485, 4182, 4879, 5576, 6273, 6970]
[698, 1396, 2094, 2792, 3490, 4188, 4886, 5584, 6282, 6980]
[699, 1398, 2097, 2796, 3495, 4194, 4893, 5592, 6291, 6990]
[700, 1400, 2100, 2800, 3500, 4200, 4900, 5600, 6300, 7000]
[701, 1402, 2103, 2804, 3505, 4206, 4907, 5608, 6309, 7010]
[702, 1404, 2106, 2808, 3510, 4212, 4914, 5616, 6318, 7020]
[703, 1406, 2109, 2812, 3515, 4218, 4921, 5624, 6327, 7030]
[704, 1408, 2112, 2816, 3520, 4224, 4928, 5632, 6336, 7040]
[705, 1410, 2115, 2820, 3525, 4230, 4935, 5640, 6345, 7050]
[706, 1412, 2118, 2824, 3530, 4236, 4942, 5648, 6354, 7060]
[707, 1414, 2121, 2828, 3535, 4242, 4949, 5656, 6363, 7070]
[708, 1416, 2124, 2832, 3540, 4248, 4956, 5664, 6372, 7080]
[709, 1418, 2127, 2836, 3545, 4254, 4963, 5672, 6381, 7090]
[710, 1420, 2130, 2840, 3550, 4260, 4970, 5680, 6390, 7100]
[711, 1422, 2133, 2844, 3555, 4266, 4977, 5688, 6399, 7110]
[712, 1424, 2136, 2848, 3560, 4272, 4984, 5696, 6408, 7120]
[713, 1426, 2139, 2852, 3565, 4278, 4991, 5704, 6417, 7130]
[714, 1428, 2142, 2856, 3570, 4284, 4998, 5712, 6426, 7140]
[715, 1430, 2145, 2860, 3575, 4290, 5005, 5720, 6435, 7150]
[716, 1432, 2148, 2864, 3580, 4296, 5012, 5728, 6444, 7160]
[717, 1434, 2151, 2868, 3585, 4302, 5019, 5736, 6453, 7170]
[718, 1436, 2154, 2872, 3590, 4308, 5026, 5744, 6462, 7180]
[719, 1438, 2157, 2876, 3595, 4314, 5033, 5752, 6471, 7190]
[720, 1440, 2160, 2880, 3600, 4320, 5040, 5760, 6480, 7200]
[721, 1442, 2163, 2884, 3605, 4326, 5047, 5768, 6489, 7210]
[722, 1444, 2166, 2888, 3610, 4332, 5054, 5776, 6498, 7220]
[723, 1446, 2169, 2892, 3615, 4338, 5061, 5784, 6507, 7230]
[724, 1448, 2172, 2896, 3620, 4344, 5068, 5792, 6516, 7240]
[725, 1450, 2175, 2900, 3625, 4350, 5075, 5800, 6525, 7250]
[726, 1452, 2178, 2904, 3630, 4356, 5082, 5808, 6534, 7260]
[727, 1454, 2181, 2908, 3635, 4362, 5089, 5816, 6543, 7270]
[728, 1456, 2184, 2912, 3640, 4368, 5096, 5824, 6552, 7280]
[729, 1458, 2187, 2916, 3645, 4374, 5103, 5832, 6561, 7290]
[730, 1460, 2190, 2920, 3650, 4380, 5110, 5840, 6570, 7300]
[731, 1462, 2193, 2924, 3655, 4386, 5117, 5848, 6579, 7310]
[732, 1464, 2196, 2928, 3660, 4392, 5124, 5856, 6588, 7320]
[733, 1466, 2199, 2932, 3665, 4398, 5131, 5864, 6597, 7330]
[734, 1468, 2202, 2936, 3670, 4404, 5138, 5872, 6606, 7340]
[735, 1470, 2205, 2940, 3675, 4410, 5145, 5880, 6615, 7350]
[736, 1472, 2208, 2944, 3680, 4416, 5152, 5888, 6624, 7360]
[737, 1474, 2211, 2948, 3685, 4422, 5159, 5896, 6633, 7370]
[738, 1476, 2214, 2952, 3690, 4428, 5166, 5904, 6642, 7380]
[739, 1478, 2217, 2956, 3695, 4434, 5173, 5912, 6651, 7390]
[740, 1480, 2220, 2960, 3700, 4440, 5180, 5920, 6660, 7400]
[741, 1482, 2223, 2964, 3705, 4446, 5187, 5928, 6669, 7410]
[742, 1484, 2226, 2968, 3710, 4452, 5194, 5936, 6678, 7420]
[743, 1486, 2229, 2972, 3715, 4458, 5201, 5944, 6687, 7430]
[744, 1488, 2232, 2976, 3720, 4464, 5208, 5952, 6696, 7440]
[745, 1490, 2235, 2980, 3725, 4470, 5215, 5960, 6705, 7450]
[746, 1492, 2238, 2984, 3730, 4476, 5222, 5968, 6714, 7460]
[747, 1494, 2241, 2988, 3735, 4482, 5229, 5976, 6723, 7470]
[748, 1496, 2244, 2992, 3740, 4488, 5236, 5984, 6732, 7480]
[749, 1498, 2247, 2996, 3745, 4494, 5243, 5992, 6741, 7490]
[750, 1500, 2250, 3000, 3750, 4500, 5250, 6000, 6750, 7500]
[751, 1502, 2253, 3004, 3755, 4506, 5257, 6008, 6759, 7510]
[752, 1504, 2256, 3008, 3760, 4512, 5264, 6016, 6768, 7520]
[753, 1506, 2259, 3012, 3765, 4518, 5271, 6024, 6777, 7530]
[754, 1508, 2262, 3016, 3770, 4524, 5278, 6032, 6786, 7540]
[755, 1510, 2265, 3020, 3775, 4530, 5285, 6040, 6795, 7550]
[756, 1512, 2268, 3024, 3780, 4536, 5292, 6048, 6804, 7560]
[757, 1514, 2271, 3028, 3785, 4542, 5299, 6056, 6813, 7570]
[758, 1516, 2274, 3032, 3790, 4548, 5306, 6064, 6822, 7580]
[759, 1518, 2277, 3036, 3795, 4554, 5313, 6072, 6831, 7590]
[760, 1520, 2280, 3040, 3800, 4560, 5320, 6080, 6840, 7600]
[761, 1522, 2283, 3044, 3805, 4566, 5327, 6088, 6849, 7610]
[762, 1524, 2286, 3048, 3810, 4572, 5334, 6096, 6858, 7620]
[763, 1526, 2289, 3052, 3815, 4578, 5341, 6104, 6867, 7630]
[764, 1528, 2292, 3056, 3820, 4584, 5348, 6112, 6876, 7640]
[765, 1530, 2295, 3060, 3825, 4590, 5355, 6120, 6885, 7650]
[766, 1532, 2298, 3064, 3830, 4596, 5362, 6128, 6894, 7660]
[767, 1534, 2301, 3068, 3835, 4602, 5369, 6136, 6903, 7670]
[768, 1536, 2304, 3072, 3840, 4608, 5376, 6144, 6912, 7680]
[769, 1538, 2307, 3076, 3845, 4614, 5383, 6152, 6921, 7690]
[770, 1540, 2310, 3080, 3850, 4620, 5390, 6160, 6930, 7700]
[771, 1542, 2313, 3084, 3855, 4626, 5397, 6168, 6939, 7710]
[772, 1544, 2316, 3088, 3860, 4632, 5404, 6176, 6948, 7720]
[773, 1546, 2319, 3092, 3865, 4638, 5411, 6184, 6957, 7730]
[774, 1548, 2322, 3096, 3870, 4644, 5418, 6192, 6966, 7740]
[775, 1550, 2325, 3100, 3875, 4650, 5425, 6200, 6975, 7750]
[776, 1552, 2328, 3104, 3880, 4656, 5432, 6208, 6984, 7760]
[777, 1554, 2331, 3108, 3885, 4662, 5439, 6216, 6993, 7770]
[778, 1556, 2334, 3112, 3890, 4668, 5446, 6224, 7002, 7780]
[779, 1558, 2337, 3116, 3895, 4674, 5453, 6232, 7011, 7790]
[780, 1560, 2340, 3120, 3900, 4680, 5460, 6240, 7020, 7800]
[781, 1562, 2343, 3124, 3905, 4686, 5467, 6248, 7029, 7810]
[782, 1564, 2346, 3128, 3910, 4692, 5474, 6256, 7038, 7820]
[783, 1566, 2349, 3132, 3915, 4698, 5481, 6264, 7047, 7830]
[784, 1568, 2352, 3136, 3920, 4704, 5488, 6272, 7056, 7840]
[785, 1570, 2355, 3140, 3925, 4710, 5495, 6280, 7065, 7850]
[786, 1572, 2358, 3144, 3930, 4716, 5502, 6288, 7074, 7860]
[787, 1574, 2361, 3148, 3935, 4722, 5509, 6296, 7083, 7870]
[788, 1576, 2364, 3152, 3940, 4728, 5516, 6304, 7092, 7880]
[789, 1578, 2367, 3156, 3945, 4734, 5523, 6312, 7101, 7890]
[790, 1580, 2370, 3160, 3950, 4740, 5530, 6320, 7110, 7900]
[791, 1582, 2373, 3164, 3955, 4746, 5537, 6328, 7119, 7910]
[792, 1584, 2376, 3168, 3960, 4752, 5544, 6336, 7128, 7920]
[793, 1586, 2379, 3172, 3965, 4758, 5551, 6344, 7137, 7930]
[794, 1588, 2382, 3176, 3970, 4764, 5558, 6352, 7146, 7940]
[795, 1590, 2385, 3180, 3975, 4770, 5565, 6360, 7155, 7950]
[796, 1592, 2388, 3184, 3980, 4776, 5572, 6368, 7164, 7960]
[797, 1594, 2391, 3188, 3985, 4782, 5579, 6376, 7173, 7970]
[798, 1596, 2394, 3192, 3990, 4788, 5586, 6384, 7182, 7980]
[799, 1598, 2397, 3196, 3995, 4794, 5593, 6392, 7191, 7990]
[800, 1600, 2400, 3200, 4000, 4800, 5600, 6400, 7200, 8000]
[801, 1602, 2403, 3204, 4005, 4806, 5607, 6408, 7209, 8010]
[802, 1604, 2406, 3208, 4010, 4812, 5614, 6416, 7218, 8020]
[803, 1606, 2409, 3212, 4015, 4818, 5621, 6424, 7227, 8030]
[804, 1608, 2412, 3216, 4020, 4824, 5628, 6432, 7236, 8040]
[805, 1610, 2415, 3220, 4025, 4830, 5635, 6440, 7245, 8050]
[806, 1612, 2418, 3224, 4030, 4836, 5642, 6448, 7254, 8060]
[807, 1614, 2421, 3228, 4035, 4842, 5649, 6456, 7263, 8070]
[808, 1616, 2424, 3232, 4040, 4848, 5656, 6464, 7272, 8080]
[809, 1618, 2427, 3236, 4045, 4854, 5663, 6472, 7281, 8090]
[810, 1620, 2430, 3240, 4050, 4860, 5670, 6480, 7290, 8100]
[811, 1622, 2433, 3244, 4055, 4866, 5677, 6488, 7299, 8110]
[812, 1624, 2436, 3248, 4060, 4872, 5684, 6496, 7308, 8120]
[813, 1626, 2439, 3252, 4065, 4878, 5691, 6504, 7317, 8130]
[814, 1628, 2442, 3256, 4070, 4884, 5698, 6512, 7326, 8140]
[815, 1630, 2445, 3260, 4075, 4890, 5705, 6520, 7335, 8150]
[816, 1632, 2448, 3264, 4080, 4896, 5712, 6528, 7344, 8160]
[817, 1634, 2451, 3268, 4085, 4902, 5719, 6536, 7353, 8170]
[818, 1636, 2454, 3272, 4090, 4908, 5726, 6544, 7362, 8180]
[819, 1638, 2457, 3276, 4095, 4914, 5733, 6552, 7371, 8190]
[820, 1640, 2460, 3280, 4100, 4920, 5740, 6560, 7380, 8200]
[821, 1642, 2463, 3284, 4105, 4926, 5747, 6568, 7389, 8210]
[822, 1644, 2466, 3288, 4110, 4932, 5754, 6576, 7398, 8220]
[823, 1646, 2469, 3292, 4115, 4938, 5761, 6584, 7407, 8230]
[824, 1648, 2472, 3296, 4120, 4944, 5768, 6592, 7416, 8240]
[825, 1650, 2475, 3300, 4125, 4950, 5775, 6600, 7425, 8250]
[826, 1652, 2478, 3304, 4130, 4956, 5782, 6608, 7434, 8260]
[827, 1654, 2481, 3308, 4135, 4962, 5789, 6616, 7443, 8270]
[828, 1656, 2484, 3312, 4140, 4968, 5796, 6624, 7452, 8280]
[829, 1658, 2487, 3316, 4145, 4974, 5803, 6632, 7461, 8290]
[830, 1660, 2490, 3320, 4150, 4980, 5810, 6640, 7470, 8300]
[831, 1662, 2493, 3324, 4155, 4986, 5817, 6648, 7479, 8310]
[832, 1664, 2496, 3328, 4160, 4992, 5824, 6656, 7488, 8320]
[833, 1666, 2499, 3332, 4165, 4998, 5831, 6664, 7497, 8330]
[834, 1668, 2502, 3336, 4170, 5004, 5838, 6672, 7506, 8340]
[835, 1670, 2505, 3340, 4175, 5010, 5845, 6680, 7515, 8350]
[836, 1672, 2508, 3344, 4180, 5016, 5852, 6688, 7524, 8360]
[837, 1674, 2511, 3348, 4185, 5022, 5859, 6696, 7533, 8370]
[838, 1676, 2514, 3352, 4190, 5028, 5866, 6704, 7542, 8380]
[839, 1678, 2517, 3356, 4195, 5034, 5873, 6712, 7551, 8390]
[840, 1680, 2520, 3360, 4200, 5040, 5880, 6720, 7560, 8400]
[841, 1682, 2523, 3364, 4205, 5046, 5887, 6728, 7569, 8410]
[842, 1684, 2526, 3368, 4210, 5052, 5894, 6736, 7578, 8420]
[843, 1686, 2529, 3372, 4215, 5058, 5901, 6744, 7587, 8430]
[844, 1688, 2532, 3376, 4220, 5064, 5908, 6752, 7596, 8440]
[845, 1690, 2535, 3380, 4225, 5070, 5915, 6760, 7605, 8450]
[846, 1692, 2538, 3384, 4230, 5076, 5922, 6768, 7614, 8460]
[847, 1694, 2541, 3388, 4235, 5082, 5929, 6776, 7623, 8470]
[848, 1696, 2544, 3392, 4240, 5088, 5936, 6784, 7632, 8480]
[849, 1698, 2547, 3396, 4245, 5094, 5943, 6792, 7641, 8490]
[850, 1700, 2550, 3400, 4250, 5100, 5950, 6800, 7650, 8500]
[851, 1702, 2553, 3404, 4255, 5106, 5957, 6808, 7659, 8510]
[852, 1704, 2556, 3408, 4260, 5112, 5964, 6816, 7668, 8520]
[853, 1706, 2559, 3412, 4265, 5118, 5971, 6824, 7677, 8530]
[854, 1708, 2562, 3416, 4270, 5124, 5978, 6832, 7686, 8540]
[855, 1710, 2565, 3420, 4275, 5130, 5985, 6840, 7695, 8550]
[856, 1712, 2568, 3424, 4280, 5136, 5992, 6848, 7704, 8560]
[857, 1714, 2571, 3428, 4285, 5142, 5999, 6856, 7713, 8570]
[858, 1716, 2574, 3432, 4290, 5148, 6006, 6864, 7722, 8580]
[859, 1718, 2577, 3436, 4295, 5154, 6013, 6872, 7731, 8590]
[860, 1720, 2580, 3440, 4300, 5160, 6020, 6880, 7740, 8600]
[861, 1722, 2583, 3444, 4305, 5166, 6027, 6888, 7749, 8610]
[862, 1724, 2586, 3448, 4310, 5172, 6034, 6896, 7758, 8620]
[863, 1726, 2589, 3452, 4315, 5178, 6041, 6904, 7767, 8630]
[864, 1728, 2592, 3456, 4320, 5184, 6048, 6912, 7776, 8640]
[865, 1730, 2595, 3460, 4325, 5190, 6055, 6920, 7785, 8650]
[866, 1732, 2598, 3464, 4330, 5196, 6062, 6928, 7794, 8660]
[867, 1734, 2601, 3468, 4335, 5202, 6069, 6936, 7803, 8670]
[868, 1736, 2604, 3472, 4340, 5208, 6076, 6944, 7812, 8680]
[869, 1738, 2607, 3476, 4345, 5214, 6083, 6952, 7821, 8690]
[870, 1740, 2610, 3480, 4350, 5220, 6090, 6960, 7830, 8700]
[871, 1742, 2613, 3484, 4355, 5226, 6097, 6968, 7839, 8710]
[872, 1744, 2616, 3488, 4360, 5232, 6104, 6976, 7848, 8720]
[873, 1746, 2619, 3492, 4365, 5238, 6111, 6984, 7857, 8730]
[874, 1748, 2622, 3496, 4370, 5244, 6118, 6992, 7866, 8740]
[875, 1750, 2625, 3500, 4375, 5250, 6125, 7000, 7875, 8750]
[876, 1752, 2628, 3504, 4380, 5256, 6132, 7008, 7884, 8760]
[877, 1754, 2631, 3508, 4385, 5262, 6139, 7016, 7893, 8770]
[878, 1756, 2634, 3512, 4390, 5268, 6146, 7024, 7902, 8780]
[879, 1758, 2637, 3516, 4395, 5274, 6153, 7032, 7911, 8790]
[880, 1760, 2640, 3520, 4400, 5280, 6160, 7040, 7920, 8800]
[881, 1762, 2643, 3524, 4405, 5286, 6167, 7048, 7929, 8810]
[882, 1764, 2646, 3528, 4410, 5292, 6174, 7056, 7938, 8820]
[883, 1766, 2649, 3532, 4415, 5298, 6181, 7064, 7947, 8830]
[884, 1768, 2652, 3536, 4420, 5304, 6188, 7072, 7956, 8840]
[885, 1770, 2655, 3540, 4425, 5310, 6195, 7080, 7965, 8850]
[886, 1772, 2658, 3544, 4430, 5316, 6202, 7088, 7974, 8860]
[887, 1774, 2661, 3548, 4435, 5322, 6209, 7096, 7983, 8870]
[888, 1776, 2664, 3552, 4440, 5328, 6216, 7104, 7992, 8880]
[889, 1778, 2667, 3556, 4445, 5334, 6223, 7112, 8001, 8890]
[890, 1780, 2670, 3560, 4450, 5340, 6230, 7120, 8010, 8900]
[891, 1782, 2673, 3564, 4455, 5346, 6237, 7128, 8019, 8910]
[892, 1784, 2676, 3568, 4460, 5352, 6244, 7136, 8028, 8920]
[893, 1786, 2679, 3572, 4465, 5358, 6251, 7144, 8037, 8930]
[894, 1788, 2682, 3576, 4470, 5364, 6258, 7152, 8046, 8940]
[895, 1790, 2685, 3580, 4475, 5370, 6265, 7160, 8055, 8950]
[896, 1792, 2688, 3584, 4480, 5376, 6272, 7168, 8064, 8960]
[897, 1794, 2691, 3588, 4485, 5382, 6279, 7176, 8073, 8970]
[898, 1796, 2694, 3592, 4490, 5388, 6286, 7184, 8082, 8980]
[899, 1798, 2697, 3596, 4495, 5394, 6293, 7192, 8091, 8990]
[900, 1800, 2700, 3600, 4500, 5400, 6300, 7200, 8100, 9000]
[901, 1802, 2703, 3604, 4505, 5406, 6307, 7208, 8109, 9010]
[902, 1804, 2706, 3608, 4510, 5412, 6314, 7216, 8118, 9020]
[903, 1806, 2709, 3612, 4515, 5418, 6321, 7224, 8127, 9030]
[904, 1808, 2712, 3616, 4520, 5424, 6328, 7232, 8136, 9040]
[905, 1810, 2715, 3620, 4525, 5430, 6335, 7240, 8145, 9050]
[906, 1812, 2718, 3624, 4530, 5436, 6342, 7248, 8154, 9060]
[907, 1814, 2721, 3628, 4535, 5442, 6349, 7256, 8163, 9070]
[908, 1816, 2724, 3632, 4540, 5448, 6356, 7264, 8172, 9080]
[909, 1818, 2727, 3636, 4545, 5454, 6363, 7272, 8181, 9090]
[910, 1820, 2730, 3640, 4550, 5460, 6370, 7280, 8190, 9100]
[911, 1822, 2733, 3644, 4555, 5466, 6377, 7288, 8199, 9110]
[912, 1824, 2736, 3648, 4560, 5472, 6384, 7296, 8208, 9120]
[913, 1826, 2739, 3652, 4565, 5478, 6391, 7304, 8217, 9130]
[914, 1828, 2742, 3656, 4570, 5484, 6398, 7312, 8226, 9140]
[915, 1830, 2745, 3660, 4575, 5490, 6405, 7320, 8235, 9150]
[916, 1832, 2748, 3664, 4580, 5496, 6412, 7328, 8244, 9160]
[917, 1834, 2751, 3668, 4585, 5502, 6419, 7336, 8253, 9170]
[918, 1836, 2754, 3672, 4590, 5508, 6426, 7344, 8262, 9180]
[919, 1838, 2757, 3676, 4595, 5514, 6433, 7352, 8271, 9190]
[920, 1840, 2760, 3680, 4600, 5520, 6440, 7360, 8280, 9200]
[921, 1842, 2763, 3684, 4605, 5526, 6447, 7368, 8289, 9210]
[922, 1844, 2766, 3688, 4610, 5532, 6454, 7376, 8298, 9220]
[923, 1846, 2769, 3692, 4615, 5538, 6461, 7384, 8307, 9230]
[924, 1848, 2772, 3696, 4620, 5544, 6468, 7392, 8316, 9240]
[925, 1850, 2775, 3700, 4625, 5550, 6475, 7400, 8325, 9250]
[926, 1852, 2778, 3704, 4630, 5556, 6482, 7408, 8334, 9260]
[927, 1854, 2781, 3708, 4635, 5562, 6489, 7416, 8343, 9270]
[928, 1856, 2784, 3712, 4640, 5568, 6496, 7424, 8352, 9280]
[929, 1858, 2787, 3716, 4645, 5574, 6503, 7432, 8361, 9290]
[930, 1860, 2790, 3720, 4650, 5580, 6510, 7440, 8370, 9300]
[931, 1862, 2793, 3724, 4655, 5586, 6517, 7448, 8379, 9310]
[932, 1864, 2796, 3728, 4660, 5592, 6524, 7456, 8388, 9320]
[933, 1866, 2799, 3732, 4665, 5598, 6531, 7464, 8397, 9330]
[934, 1868, 2802, 3736, 4670, 5604, 6538, 7472, 8406, 9340]
[935, 1870, 2805, 3740, 4675, 5610, 6545, 7480, 8415, 9350]
[936, 1872, 2808, 3744, 4680, 5616, 6552, 7488, 8424, 9360]
[937, 1874, 2811, 3748, 4685, 5622, 6559, 7496, 8433, 9370]
[938, 1876, 2814, 3752, 4690, 5628, 6566, 7504, 8442, 9380]
[939, 1878, 2817, 3756, 4695, 5634, 6573, 7512, 8451, 9390]
[940, 1880, 2820, 3760, 4700, 5640, 6580, 7520, 8460, 9400]
[941, 1882, 2823, 3764, 4705, 5646, 6587, 7528, 8469, 9410]
[942, 1884, 2826, 3768, 4710, 5652, 6594, 7536, 8478, 9420]
[943, 1886, 2829, 3772, 4715, 5658, 6601, 7544, 8487, 9430]
[944, 1888, 2832, 3776, 4720, 5664, 6608, 7552, 8496, 9440]
[945, 1890, 2835, 3780, 4725, 5670, 6615, 7560, 8505, 9450]
[946, 1892, 2838, 3784, 4730, 5676, 6622, 7568, 8514, 9460]
[947, 1894, 2841, 3788, 4735, 5682, 6629, 7576, 8523, 9470]
[948, 1896, 2844, 3792, 4740, 5688, 6636, 7584, 8532, 9480]
[949, 1898, 2847, 3796, 4745, 5694, 6643, 7592, 8541, 9490]
[950, 1900, 2850, 3800, 4750, 5700, 6650, 7600, 8550, 9500]
[951, 1902, 2853, 3804, 4755, 5706, 6657, 7608, 8559, 9510]
[952, 1904, 2856, 3808, 4760, 5712, 6664, 7616, 8568, 9520]
[953, 1906, 2859, 3812, 4765, 5718, 6671, 7624, 8577, 9530]
[954, 1908, 2862, 3816, 4770, 5724, 6678, 7632, 8586, 9540]
[955, 1910, 2865, 3820, 4775, 5730, 6685, 7640, 8595, 9550]
[956, 1912, 2868, 3824, 4780, 5736, 6692, 7648, 8604, 9560]
[957, 1914, 2871, 3828, 4785, 5742, 6699, 7656, 8613, 9570]
[958, 1916, 2874, 3832, 4790, 5748, 6706, 7664, 8622, 9580]
[959, 1918, 2877, 3836, 4795, 5754, 6713, 7672, 8631, 9590]
[960, 1920, 2880, 3840, 4800, 5760, 6720, 7680, 8640, 9600]
[961, 1922, 2883, 3844, 4805, 5766, 6727, 7688, 8649, 9610]
[962, 1924, 2886, 3848, 4810, 5772, 6734, 7696, 8658, 9620]
[963, 1926, 2889, 3852, 4815, 5778, 6741, 7704, 8667, 9630]
[964, 1928, 2892, 3856, 4820, 5784, 6748, 7712, 8676, 9640]
[965, 1930, 2895, 3860, 4825, 5790, 6755, 7720, 8685, 9650]
[966, 1932, 2898, 3864, 4830, 5796, 6762, 7728, 8694, 9660]
[967, 1934, 2901, 3868, 4835, 5802, 6769, 7736, 8703, 9670]
[968, 1936, 2904, 3872, 4840, 5808, 6776, 7744, 8712, 9680]
[969, 1938, 2907, 3876, 4845, 5814, 6783, 7752, 8721, 9690]
[970, 1940, 2910, 3880, 4850, 5820, 6790, 7760, 8730, 9700]
[971, 1942, 2913, 3884, 4855, 5826, 6797, 7768, 8739, 9710]
[972, 1944, 2916, 3888, 4860, 5832, 6804, 7776, 8748, 9720]
[973, 1946, 2919, 3892, 4865, 5838, 6811, 7784, 8757, 9730]
[974, 1948, 2922, 3896, 4870, 5844, 6818, 7792, 8766, 9740]
[975, 1950, 2925, 3900, 4875, 5850, 6825, 7800, 8775, 9750]
[976, 1952, 2928, 3904, 4880, 5856, 6832, 7808, 8784, 9760]
[977, 1954, 2931, 3908, 4885, 5862, 6839, 7816, 8793, 9770]
[978, 1956, 2934, 3912, 4890, 5868, 6846, 7824, 8802, 9780]
[979, 1958, 2937, 3916, 4895, 5874, 6853, 7832, 8811, 9790]
[980, 1960, 2940, 3920, 4900, 5880, 6860, 7840, 8820, 9800]
[981, 1962, 2943, 3924, 4905, 5886, 6867, 7848, 8829, 9810]
[982, 1964, 2946, 3928, 4910, 5892, 6874, 7856, 8838, 9820]
[983, 1966, 2949, 3932, 4915, 5898, 6881, 7864, 8847, 9830]
[984, 1968, 2952, 3936, 4920, 5904, 6888, 7872, 8856, 9840]
[985, 1970, 2955, 3940, 4925, 5910, 6895, 7880, 8865, 9850]
[986, 1972, 2958, 3944, 4930, 5916, 6902, 7888, 8874, 9860]
[987, 1974, 2961, 3948, 4935, 5922, 6909, 7896, 8883, 9870]
[988, 1976, 2964, 3952, 4940, 5928, 6916, 7904, 8892, 9880]
[989, 1978, 2967, 3956, 4945, 5934, 6923, 7912, 8901, 9890]
[990, 1980, 2970, 3960, 4950, 5940, 6930, 7920, 8910, 9900]
[991, 1982, 2973, 3964, 4955, 5946, 6937, 7928, 8919, 9910]
[992, 1984, 2976, 3968, 4960, 5952, 6944, 7936, 8928, 9920]
[993, 1986, 2979, 3972, 4965, 5958, 6951, 7944, 8937, 9930]
[994, 1988, 2982, 3976, 4970, 5964, 6958, 7952, 8946, 9940]
[995, 1990, 2985, 3980, 4975, 5970, 6965, 7960, 8955, 9950]
[996, 1992, 2988, 3984, 4980, 5976, 6972, 7968, 8964, 9960]
[997, 1994, 2991, 3988, 4985, 5982, 6979, 7976, 8973, 9970]
[998, 1996, 2994, 3992, 4990, 5988, 6986, 7984, 8982, 9980]
[999, 1998, 2997, 3996, 4995, 5994, 6993, 7992, 8991, 9990]
[1000, 2000, 3000, 4000, 5000, 6000, 7000, 8000, 9000, 10000]
